[0m[38;2;1;1;1m                                                                                                                                            [0m
[0m[38;2;1;1;1m   [38;2;1;1;1m [38;2;1;1;1m [38;2;1;1;1m [38;2;1;1;1m [38;2;1;1;1m [38;2;1;1;1m [38;2;1;1;1m [38;2;1;1;1m            [38;2;1;1;1m [38;2;2;1;1m [38;2;2;2;1m [38;2;2;2;1m [38;2;2;2;2m [38;2;2;1;1m [38;2;1;1;1m [38;2;1;1;1m [38;2;1;1;1m           [38;2;1;1;1m [38;2;1;1;1m [38;2;1;1;1m                                                                                                 [0m
[0m[38;2;1;1;1m [38;2;1;1;1m [38;2;1;1;1m [38;2;2;1;1m [38;2;3;2;2m [38;2;3;3;2m [38;2;3;3;2m [38;2;4;3;3m [38;2;3;3;3m [38;2;2;2;2m [38;2;1;1;1m [38;2;1;1;1m [38;2;1;1;1m         [38;2;1;1;1m [38;2;2;2;1m [38;2;3;2;2m [38;2;23;22;22m [38;2;82;83;80m,[38;2;23;23;22m [38;2;3;2;2m [38;2;2;2;2m [38;2;1;1;1m [38;2;1;1;1m  [38;2;1;1;1m [38;2;1;1;1m [38;2;1;1;1m    [38;2;1;1;1m [38;2;1;1;1m [38;2;1;1;1m [38;2;2;1;1m [38;2;1;1;1m [38;2;1;1;1m [38;2;1;1;1m [38;2;1;1;1m [38;2;1;1;1m [38;2;1;1;1m [38;2;1;1;1m [38;2;1;1;1m [38;2;1;1;1m [38;2;1;1;1m          [38;2;1;1;1m [38;2;1;1;1m [38;2;1;1;1m [38;2;1;1;1m [38;2;1;1;1m [38;2;2;1;1m [38;2;2;1;1m [38;2;1;1;1m [38;2;2;1;1m [38;2;1;1;1m [38;2;1;1;1m [38;2;1;1;1m [38;2;1;1;1m [38;2;1;1;1m [38;2;1;1;1m [38;2;1;1;1m [38;2;1;1;1m [38;2;1;1;1m [38;2;1;1;1m [38;2;1;1;1m [38;2;1;1;1m [38;2;1;1;1m [38;2;1;1;1m [38;2;1;1;1m [38;2;1;1;1m [38;2;1;1;1m [38;2;1;1;1m [38;2;1;1;1m [38;2;1;1;1m [38;2;1;1;1m [38;2;1;1;1m [38;2;1;1;1m [38;2;1;1;1m                                               [0m
[0m[38;2;1;1;1m [38;2;1;1;1m [38;2;2;2;1m [38;2;3;2;2m [38;2;4;3;3m [38;2;10;8;9m [38;2;124;123;123ml[38;2;70;67;64m'[38;2;4;3;4m [38;2;3;3;2m [38;2;2;2;2m [38;2;2;2;2m [38;2;1;1;1m [38;2;1;1;1m         [38;2;2;2;1m [38;2;3;2;2m [38;2;59;58;58m.[38;2;222;223;219mX[38;2;92;92;91m;[38;2;3;2;2m [38;2;2;2;2m [38;2;1;1;1m [38;2;1;1;1m  [38;2;1;1;1m [38;2;1;1;1m [38;2;2;2;2m [38;2;2;2;2m [38;2;2;2;2m [38;2;2;2;2m [38;2;2;2;2m [38;2;3;2;2m [38;2;3;2;2m [38;2;3;2;2m [38;2;3;2;2m [38;2;3;2;2m [38;2;3;3;2m [38;2;3;3;2m [38;2;3;3;2m [38;2;3;2;2m [38;2;2;2;2m [38;2;2;2;2m [38;2;2;2;2m [38;2;2;2;1m [38;2;1;1;1m [38;2;2;1;1m [38;2;2;1;1m [38;2;2;1;1m [38;2;1;1;1m [38;2;2;1;1m [38;2;2;2;1m [38;2;2;2;2m [38;2;2;2;2m [38;2;2;2;2m [38;2;2;2;2m [38;2;3;2;2m [38;2;3;2;2m [38;2;3;3;2m [38;2;3;3;2m [38;2;3;3;3m [38;2;3;3;2m [38;2;3;3;3m [38;2;3;3;3m [38;2;3;3;2m [38;2;3;3;3m [38;2;3;3;3m [38;2;3;2;2m [38;2;2;2;2m [38;2;2;2;2m [38;2;2;2;2m [38;2;2;2;2m [38;2;2;2;2m [38;2;2;2;1m [38;2;3;2;2m [38;2;3;2;2m [38;2;3;2;1m [38;2;3;2;2m [38;2;3;2;2m [38;2;3;2;2m [38;2;3;2;2m [38;2;3;2;2m [38;2;3;2;2m [38;2;2;2;2m [38;2;2;2;2m [38;2;2;2;2m [38;2;2;1;1m [38;2;1;1;1m [38;2;1;1;1m [38;2;1;1;1m [38;2;1;2;1m [38;2;1;2;1m [38;2;1;1;1m [38;2;1;1;1m [38;2;1;1;1m [38;2;1;1;1m [38;2;1;1;1m [38;2;1;1;1m [38;2;1;1;1m [38;2;1;1;1m [38;2;1;1;1m [38;2;1;1;1m [38;2;1;1;1m [38;2;1;1;1m [38;2;1;1;1m [38;2;1;1;1m [38;2;1;1;1m [38;2;1;1;1m [38;2;1;1;1m [38;2;1;1;1m [38;2;1;1;1m [38;2;1;1;1m [38;2;2;1;1m [38;2;1;1;1m [38;2;1;1;1m [38;2;1;1;1m [38;2;1;1;1m [38;2;1;1;1m [38;2;1;1;1m [38;2;1;1;1m [38;2;1;1;1m             [0m
[0m[38;2;1;1;1m [38;2;2;1;1m [38;2;3;2;1m [38;2;3;2;2m [38;2;44;43;43m.[38;2;205;205;206mK[38;2;244;245;243mW[38;2;145;146;146md[38;2;59;59;60m.[38;2;5;4;4m [38;2;4;3;3m [38;2;3;2;2m [38;2;2;2;2m [38;2;2;2;1m [38;2;1;1;1m [38;2;1;1;1m      [38;2;1;1;1m [38;2;2;1;1m [38;2;3;2;2m [38;2;70;68;69m'[38;2;226;227;223mN[38;2;106;107;106m:[38;2;3;2;3m [38;2;2;2;2m [38;2;1;1;1m [38;2;1;1;1m [38;2;1;1;1m [38;2;2;2;1m [38;2;2;2;2m [38;2;2;2;2m [38;2;2;2;2m [38;2;3;3;2m [38;2;4;3;3m [38;2;18;18;18m [38;2;64;64;64m'[38;2;63;63;63m.[38;2;62;62;62m.[38;2;62;62;62m.[38;2;61;61;61m.[38;2;61;61;62m.[38;2;60;60;60m.[38;2;58;58;58m.[38;2;58;57;57m.[38;2;13;13;13m [38;2;4;3;3m [38;2;4;3;3m [38;2;3;3;3m [38;2;3;3;3m [38;2;3;3;3m [38;2;3;3;3m [38;2;3;2;2m [38;2;3;3;3m [38;2;3;2;2m [38;2;3;3;3m [38;2;3;3;3m [38;2;3;3;3m [38;2;4;3;2m [38;2;4;3;2m [38;2;4;4;3m [38;2;30;31;31m.[38;2;44;44;44m.[38;2;55;56;56m.[38;2;59;60;59m.[38;2;59;59;59m.[38;2;57;56;56m.[38;2;60;60;60m.[38;2;57;56;57m.[38;2;60;59;59m.[38;2;62;61;61m.[38;2;26;26;26m [38;2;4;4;4m [38;2;3;3;2m [38;2;3;2;2m [38;2;3;3;2m [38;2;3;3;3m [38;2;19;18;19m [38;2;60;59;59m.[38;2;62;62;62m.[38;2;60;60;60m.[38;2;60;60;60m.[38;2;59;59;60m.[38;2;57;57;57m.[38;2;58;57;57m.[38;2;52;52;52m.[38;2;48;47;46m.[38;2;5;3;4m [38;2;4;3;3m [38;2;3;3;2m [38;2;2;2;2m [38;2;2;2;2m [38;2;2;2;2m [38;2;2;2;2m [38;2;2;2;2m [38;2;2;2;1m [38;2;3;2;2m [38;2;3;2;2m [38;2;3;2;2m [38;2;3;2;2m [38;2;3;2;2m [38;2;2;2;2m [38;2;2;2;2m [38;2;2;2;2m [38;2;2;2;2m [38;2;2;1;1m [38;2;2;1;1m [38;2;2;2;2m [38;2;2;2;1m [38;2;2;2;2m [38;2;2;2;2m [38;2;3;2;2m [38;2;3;2;2m [38;2;3;2;2m [38;2;3;2;2m [38;2;3;2;2m [38;2;3;2;2m [38;2;2;2;2m [38;2;3;2;2m [38;2;3;2;2m [38;2;3;2;2m [38;2;2;2;2m [38;2;2;2;2m [38;2;2;2;2m [38;2;2;1;1m [38;2;2;1;1m [38;2;1;1;1m [38;2;1;1;1m [38;2;1;1;1m [38;2;1;1;1m [38;2;1;1;1m [38;2;1;1;1m [38;2;1;1;1m [38;2;1;1;1m [38;2;1;1;1m [38;2;1;1;1m  [0m
[0m[38;2;2;2;1m [38;2;3;2;2m [38;2;3;3;2m [38;2;4;3;2m [38;2;70;67;67m'[38;2;225;226;227mN[38;2;152;154;157md[38;2;136;134;134mo[38;2;234;234;234mN[38;2;37;36;35m.[38;2;16;15;16m [38;2;5;4;4m [38;2;4;3;3m [38;2;2;2;2m [38;2;2;2;2m [38;2;1;1;1m [38;2;1;1;1m    [38;2;1;1;1m [38;2;1;1;1m [38;2;2;1;1m [38;2;3;2;2m [38;2;76;74;73m'[38;2;229;230;227mN[38;2;109;109;109m:[38;2;4;2;3m [38;2;2;2;2m [38;2;2;2;2m [38;2;2;2;2m [38;2;2;2;2m [38;2;2;2;2m [38;2;2;2;2m [38;2;3;3;2m [38;2;4;3;3m [38;2;55;56;59m.[38;2;92;92;92m;[38;2;145;145;145mo[38;2;253;253;253mM[38;2;253;253;254mM[38;2;252;253;254mM[38;2;250;251;253mM[38;2;249;251;252mM[38;2;247;250;251mM[38;2;247;250;252mM[38;2;236;240;241mW[38;2;245;249;249mW[38;2;126;127;127ml[38;2;72;73;73m'[38;2;7;7;7m [38;2;82;81;82m,[38;2;98;100;102m:[38;2;107;107;108m:[38;2;97;96;96m;[38;2;70;71;71m'[38;2;4;3;4m [38;2;5;4;4m [38;2;6;6;6m [38;2;105;107;107m:[38;2;97;97;99m;[38;2;84;85;86m,[38;2;4;2;3m [38;2;5;3;4m [38;2;151;153;155md[38;2;199;199;201m0[38;2;214;213;214mK[38;2;230;230;231mN[38;2;231;232;234mN[38;2;210;210;211mK[38;2;246;247;248mW[38;2;213;213;215mK[38;2;216;216;217mX[38;2;244;243;245mW[38;2;175;174;176mk[38;2;60;60;61m.[38;2;5;5;5m [38;2;4;3;3m [38;2;48;49;48m.[38;2;76;75;76m'[38;2;177;177;178mk[38;2;252;253;253mM[38;2;254;254;255mM[38;2;253;253;255mM[38;2;249;250;252mM[38;2;247;249;251mW[38;2;248;249;251mW[38;2;249;250;251mM[38;2;240;240;242mW[38;2;237;238;239mW[38;2;119;119;118mc[38;2;43;44;43m.[38;2;5;6;4m [38;2;5;4;3m [38;2;4;3;3m [38;2;4;4;3m [38;2;5;4;3m [38;2;29;29;30m.[38;2;104;105;106m:[38;2;105;105;106m:[38;2;87;88;89m;[38;2;103;102;102m:[38;2;41;40;40m.[38;2;6;5;5m [38;2;5;4;4m [38;2;4;4;4m [38;2;4;3;3m [38;2;3;3;2m [38;2;2;2;2m [38;2;2;2;2m [38;2;2;2;2m [38;2;3;2;2m [38;2;4;3;3m [38;2;87;86;87m,[38;2;81;81;84m,[38;2;116;116;117mc[38;2;88;88;91m;[38;2;99;100;101m:[38;2;112;112;112mc[38;2;86;87;89m,[38;2;100;100;102m:[38;2;112;113;114mc[38;2;90;90;91m;[38;2;104;103;102m:[38;2;14;13;13m [38;2;4;4;4m [38;2;4;4;4m [38;2;4;3;3m [38;2;3;3;3m [38;2;3;2;2m [38;2;3;2;2m [38;2;3;2;2m [38;2;3;2;2m [38;2;3;2;2m [38;2;4;3;3m [38;2;4;3;3m [38;2;3;3;3m [38;2;3;3;2m [38;2;2;2;1m [38;2;1;1;1m [0m
[0m[38;2;2;1;1m [38;2;3;2;2m [38;2;4;2;2m [38;2;146;146;146md[38;2;163;163;164mx[38;2;237;238;233mN[38;2;34;35;38m.[38;2;63;60;59m.[38;2;232;230;230mN[38;2;181;181;180mO[38;2;98;97;98m;[38;2;89;87;82m,[38;2;8;6;8m [38;2;3;3;3m [38;2;2;2;2m [38;2;1;1;1m [38;2;1;1;1m    [38;2;1;1;1m [38;2;1;1;1m [38;2;2;1;1m [38;2;3;2;2m [38;2;80;79;78m,[38;2;230;230;229mN[38;2;109;110;110m:[38;2;4;3;3m [38;2;2;2;2m [38;2;2;2;2m [38;2;2;2;2m [38;2;2;2;2m [38;2;2;2;2m [38;2;2;2;2m [38;2;2;2;2m [38;2;36;36;36m.[38;2;203;207;212mK[38;2;229;230;232mN[38;2;209;211;213mK[38;2;254;254;254mM[38;2;253;253;254mM[38;2;249;249;251mM[38;2;99;100;103m:[38;2;182;185;186mO[38;2;227;234;237mN[38;2;246;251;251mM[38;2;219;223;227mX[38;2;219;223;226mX[38;2;226;227;230mN[38;2;158;161;162mx[38;2;12;12;12m [38;2;194;195;196m0[38;2;237;237;239mN[38;2;242;241;243mW[38;2;132;135;137mo[38;2;74;77;76m,[38;2;4;3;4m [38;2;6;5;6m [38;2;14;17;16m [38;2;236;239;240mW[38;2;218;218;220mX[38;2;202;203;205mK[38;2;4;3;3m [38;2;42;41;41m.[38;2;185;186;187mO[38;2;230;231;232mN[38;2;232;232;234mN[38;2;249;249;250mM[38;2;246;247;248mW[38;2;213;216;219mX[38;2;244;246;248mW[38;2;232;232;235mN[38;2;236;237;237mN[38;2;243;242;245mW[38;2;227;227;230mN[38;2;176;176;179mk[38;2;9;8;9m [38;2;73;70;72m'[38;2;224;225;225mX[38;2;244;245;245mW[38;2;255;255;255mM[38;2;255;255;255mM[38;2;254;254;255mM[38;2;213;213;214mK[38;2;112;111;114mc[38;2;174;177;178mk[38;2;233;234;238mN[38;2;240;242;245mW[38;2;234;234;236mN[38;2;236;234;239mN[38;2;235;225;240mN[38;2;87;191;77md[38;2;4;150;3m;[38;2;9;37;5m [38;2;7;5;5m [38;2;86;88;90m;[38;2;135;134;132mo[38;2;187;187;189mO[38;2;241;243;246mW[38;2;238;239;241mW[38;2;206;208;211mK[38;2;240;240;241mW[38;2;185;184;185mO[38;2;153;152;153md[38;2;163;163;164mx[38;2;83;82;83m,[38;2;23;23;24m [38;2;4;4;4m [38;2;3;3;3m [38;2;3;3;2m [38;2;3;2;2m [38;2;3;2;2m [38;2;4;3;4m [38;2;197;196;195m0[38;2;176;177;183mk[38;2;243;245;246mW[38;2;201;201;203m0[38;2;225;225;227mX[38;2;235;236;237mN[38;2;205;206;209mK[38;2;225;227;230mN[38;2;236;239;240mW[38;2;228;229;229mN[38;2;241;240;241mW[38;2;32;31;31m.[38;2;41;40;40m.[38;2;151;152;153md[38;2;155;157;159mx[38;2;140;141;142mo[38;2;174;174;176mk[38;2;174;174;175mk[38;2;173;174;174mk[38;2;172;173;174mk[38;2;170;170;171mk[38;2;166;166;166mx[38;2;162;162;161mx[38;2;81;81;80m,[38;2;5;4;4m [38;2;3;2;2m [38;2;1;1;1m [0m
[0m[38;2;1;1;1m [38;2;2;2;2m [38;2;5;3;4m [38;2;174;174;173mk[38;2;155;155;155md[38;2;157;157;156mx[38;2;37;37;37m.[38;2;9;8;8m [38;2;30;29;30m.[38;2;145;145;145mo[38;2;149;150;147md[38;2;135;135;135mo[38;2;55;54;55m.[38;2;4;3;3m [38;2;2;2;2m [38;2;1;1;1m [38;2;1;1;1m [38;2;1;1;1m   [38;2;1;1;1m [38;2;1;1;1m [38;2;2;1;1m [38;2;3;3;2m [38;2;83;81;81m,[38;2;229;230;229mN[38;2;110;111;111mc[38;2;4;3;3m [38;2;2;2;2m [38;2;2;2;2m  [38;2;2;2;2m [38;2;2;2;2m [38;2;2;2;2m [38;2;2;2;2m [38;2;66;64;64m'[38;2;233;234;237mN[38;2;243;245;245mW[38;2;211;214;216mK[38;2;254;253;254mM[38;2;251;251;253mM[38;2;244;245;246mW[38;2;81;81;84m,[38;2;89;91;94m;[38;2;93;94;97m;[38;2;38;41;42m.[38;2;39;39;42m.[38;2;76;77;79m,[38;2;29;30;31m.[38;2;19;20;21m [38;2;8;7;8m [38;2;199;200;203m0[38;2;236;235;238mN[38;2;238;237;241mW[38;2;68;68;72m'[38;2;6;5;6m [38;2;4;4;5m [38;2;29;90;99m'[38;2;48;136;145mc[38;2;242;243;245mW[38;2;227;230;235mN[38;2;199;201;205m0[38;2;4;3;3m [38;2;70;68;67m'[38;2;242;243;245mW[38;2;239;240;242mW[38;2;230;230;232mN[38;2;245;245;248mW[38;2;131;129;132ml[38;2;106;106;107m:[38;2;127;126;128ml[38;2;187;186;189mO[38;2;233;234;235mN[38;2;239;238;241mW[38;2;132;132;135ml[38;2;56;57;58m.[38;2;8;7;7m [38;2;91;88;90m;[38;2;254;254;255mM[38;2;255;255;255mM[38;2;255;255;255mM[38;2;254;254;255mM[38;2;252;253;254mM[38;2;191;193;193m0[38;2;81;81;81m,[38;2;80;82;82m,[38;2;100;100;102m:[38;2;104;104;107m:[38;2;144;142;144mo[38;2;119;119;121mc[38;2;38;39;38m.[38;2;11;26;7m [38;2;10;21;5m [38;2;44;46;42m.[38;2;113;112;113mc[38;2;234;235;236mN[38;2;234;234;235mN[38;2;226;226;229mN[38;2;177;178;181mk[38;2;169;170;171mk[38;2;160;162;163mx[38;2;187;189;190mO[38;2;157;157;158mx[38;2;179;180;180mk[38;2;239;240;243mW[38;2;221;221;224mX[38;2;216;219;222mX[38;2;72;72;74m'[38;2;35;34;35m.[38;2;5;4;4m [38;2;4;4;3m [38;2;12;11;11m [38;2;61;61;64m.[38;2;214;214;214mK[38;2;201;204;211mK[38;2;232;235;239mN[38;2;95;94;96m;[38;2;37;37;38m.[38;2;36;35;36m.[38;2;37;36;38m.[38;2;58;58;59m.[38;2;242;244;244mW[38;2;228;229;230mN[38;2;241;242;243mW[38;2;29;28;30m [38;2;48;47;46m.[38;2;169;169;171mk[38;2;173;174;175mk[38;2;177;178;180mk[38;2;250;251;253mM[38;2;250;251;252mM[38;2;249;250;251mM[38;2;246;247;248mW[38;2;207;209;210mK[38;2;191;192;193m0[38;2;186;187;187mO[38;2;90;91;90m;[38;2;4;4;4m [38;2;2;2;2m [38;2;1;1;1m [0m
[0m[38;2;1;1;1m [38;2;1;1;1m [38;2;2;2;2m [38;2;4;3;2m [38;2;5;4;4m [38;2;5;5;4m [38;2;66;65;65m'[38;2;63;63;62m.[38;2;5;5;5m [38;2;4;4;4m [38;2;4;4;4m [38;2;3;3;3m [38;2;2;2;2m [38;2;2;2;2m [38;2;1;1;1m [38;2;1;1;1m     [38;2;1;1;1m [38;2;2;1;1m [38;2;2;2;2m [38;2;3;3;3m [38;2;82;80;81m,[38;2;228;228;227mN[38;2;113;114;115mc[38;2;4;3;3m [38;2;3;2;2m [38;2;2;2;2m [38;2;2;2;2m [38;2;2;2;2m [38;2;2;2;2m [38;2;3;3;2m [38;2;3;2;2m [38;2;39;39;41m.[38;2;165;177;182mk[38;2;222;226;228mX[38;2;214;218;221mX[38;2;255;255;255mM[38;2;254;254;255mM[38;2;253;253;255mM[38;2;251;252;254mM[38;2;250;250;252mM[38;2;247;248;249mW[38;2;122;122;124ml[38;2;106;107;108m:[38;2;112;114;114mc[38;2;31;32;34m.[38;2;42;41;43m.[38;2;112;111;112mc[38;2;222;222;225mX[38;2;236;235;238mN[38;2;239;238;242mW[38;2;66;67;70m'[38;2;5;4;5m [38;2;5;4;4m [38;2;123;129;131ml[38;2;203;204;208mK[38;2;237;238;241mW[38;2;224;224;228mX[38;2;193;194;197m0[38;2;4;3;3m [38;2;71;69;68m'[38;2;239;240;242mW[38;2;237;238;241mW[38;2;230;230;233mN[38;2;236;237;240mN[38;2;230;230;233mN[38;2;209;210;213mK[38;2;239;240;244mW[38;2;228;227;230mN[38;2;238;238;242mW[38;2;140;140;146mo[38;2;51;52;55m.[38;2;6;6;6m [38;2;5;5;4m [38;2;47;48;50m.[38;2;168;168;169mk[38;2;224;225;225mX[38;2;254;254;255mM[38;2;254;255;255mM[38;2;254;254;255mM[38;2;253;253;255mM[38;2;253;254;255mM[38;2;247;248;251mW[38;2;248;249;252mW[38;2;248;248;252mW[38;2;189;191;195mO[38;2;103;104;106m:[38;2;6;5;6m [38;2;5;4;5m [38;2;7;7;7m [38;2;182;181;183mO[38;2;240;240;241mW[38;2;242;242;244mW[38;2;159;158;162mx[38;2;87;86;88m,[38;2;6;5;5m [38;2;4;4;4m [38;2;4;4;4m [38;2;4;4;4m [38;2;5;4;4m [38;2;17;16;16m [38;2;232;234;237mN[38;2;219;221;226mX[38;2;217;220;224mX[38;2;218;217;222mX[38;2;139;140;143mo[38;2;5;4;4m [38;2;4;3;3m [38;2;66;63;63m.[38;2;213;216;220mX[38;2;232;233;237mN[38;2;201;204;208mK[38;2;229;232;236mN[38;2;52;50;54m.[38;2;6;5;6m [38;2;6;5;6m [38;2;53;52;53m.[38;2;125;126;127ml[38;2;242;243;244mW[38;2;228;228;229mN[38;2;242;242;243mW[38;2;33;32;33m.[38;2;5;4;4m [38;2;4;3;3m [38;2;4;3;3m [38;2;25;24;25m [38;2;253;254;254mM[38;2;250;251;252mM[38;2;250;251;252mM[38;2;150;151;152md[38;2;33;33;34m.[38;2;5;4;5m [38;2;3;3;3m [38;2;2;2;2m [38;2;2;1;2m [38;2;1;1;1m [38;2;1;1;1m [0m
[0m[38;2;1;1;1m [38;2;1;1;1m [38;2;1;2;1m [38;2;2;2;1m [38;2;3;2;2m [38;2;5;4;4m [38;2;175;174;172mk[38;2;129;129;127ml[38;2;6;5;6m [38;2;3;3;3m [38;2;2;2;2m [38;2;1;1;1m [38;2;1;1;1m [38;2;1;1;1m [38;2;1;1;1m     [38;2;1;1;1m [38;2;2;2;1m [38;2;2;2;2m [38;2;2;2;2m [38;2;3;3;3m [38;2;79;77;78m,[38;2;229;230;230mN[38;2;116;116;118mc[38;2;4;3;3m [38;2;3;3;3m [38;2;3;3;3m [38;2;3;3;3m [38;2;3;2;2m [38;2;3;3;3m [38;2;4;4;4m [38;2;4;4;4m [38;2;5;6;6m [38;2;48;63;64m.[38;2;71;73;73m'[38;2;137;137;140mo[38;2;255;255;255mM[38;2;255;255;255mM[38;2;254;255;255mM[38;2;254;254;255mM[38;2;253;253;254mM[38;2;251;252;254mM[38;2;247;248;250mW[38;2;240;240;242mW[38;2;243;246;246mW[38;2;140;139;145mo[38;2;145;147;148md[38;2;212;213;214mK[38;2;222;222;226mX[38;2;237;236;239mN[38;2;238;238;240mW[38;2;67;68;71m'[38;2;4;5;5m [38;2;5;4;4m [38;2;135;138;141mo[38;2;229;230;234mN[38;2;236;237;240mN[38;2;228;226;231mN[38;2;191;190;194mO[38;2;4;4;3m [38;2;75;74;73m'[38;2;241;241;244mW[38;2;232;233;236mN[38;2;227;228;232mN[38;2;233;235;238mN[38;2;226;226;229mN[38;2;208;208;210mK[38;2;238;239;241mW[38;2;229;227;230mN[38;2;233;234;236mN[38;2;164;163;166mx[38;2;61;61;63m.[38;2;5;4;5m [38;2;3;3;3m [38;2;4;3;4m [38;2;38;38;36m.[38;2;56;56;58m.[38;2;149;148;151md[38;2;253;254;254mM[38;2;253;253;254mM[38;2;252;252;253mM[38;2;249;250;252mM[38;2;250;251;253mM[38;2;251;252;253mM[38;2;248;249;251mM[38;2;238;238;240mW[38;2;233;234;236mN[38;2;174;174;175mk[38;2;57;58;59m.[38;2;9;9;9m [38;2;189;190;192mO[38;2;246;246;247mW[38;2;249;249;250mW[38;2;57;54;57m.[38;2;4;3;4m [38;2;3;3;3m [38;2;2;2;2m [38;2;2;2;2m [38;2;2;2;2m [38;2;3;2;2m [38;2;6;5;6m [38;2;82;84;85m,[38;2;181;184;187mO[38;2;227;230;235mN[38;2;224;224;229mX[38;2;134;135;138mo[38;2;5;4;4m [38;2;4;4;3m [38;2;80;78;79m,[38;2;220;223;227mX[38;2;232;235;237mN[38;2;218;218;222mX[38;2;234;237;238mN[38;2;143;142;144mo[38;2;132;132;131ml[38;2;149;149;149md[38;2;186;186;187mO[38;2;218;219;222mX[38;2;229;230;230mN[38;2;191;192;193m0[38;2;84;84;85m,[38;2;12;11;11m [38;2;3;3;3m [38;2;2;1;1m [38;2;2;1;1m [38;2;27;27;29m [38;2;255;255;255mM[38;2;253;253;255mM[38;2;251;253;254mM[38;2;160;161;163mx[38;2;40;41;43m.[38;2;4;3;3m [38;2;2;2;2m [38;2;1;1;1m [38;2;1;1;1m [38;2;1;1;1m [38;2;1;0;1m [0m
[0m[38;2;1;1;1m [38;2;1;1;1m [38;2;1;1;1m [38;2;1;1;1m [38;2;2;2;1m [38;2;5;4;4m [38;2;156;156;154md[38;2;134;135;136mo[38;2;5;5;5m [38;2;3;2;2m [38;2;2;2;1m [38;2;1;1;1m      [38;2;1;1;1m [38;2;2;2;1m [38;2;2;2;2m [38;2;3;3;3m [38;2;4;4;3m [38;2;4;3;3m [38;2;5;4;4m [38;2;18;18;18m [38;2;51;51;51m.[38;2;29;30;30m.[38;2;5;5;5m [38;2;4;4;4m [38;2;4;4;4m [38;2;4;4;3m [38;2;3;3;3m [38;2;4;4;4m [38;2;11;12;13m [38;2;144;147;149md[38;2;161;163;165mx[38;2;150;151;152md[38;2;39;38;41m.[38;2;18;17;18m [38;2;56;57;58m.[38;2;58;59;61m.[38;2;59;59;62m.[38;2;63;65;66m'[38;2;142;143;147mo[38;2;207;210;212mK[38;2;209;212;215mK[38;2;204;206;209mK[38;2;210;212;215mK[38;2;192;194;197m0[38;2;169;171;177mk[38;2;212;214;216mK[38;2;212;212;216mK[38;2;212;211;216mK[38;2;210;209;215mK[38;2;62;62;65m.[38;2;5;5;5m [38;2;5;4;5m [38;2;119;121;123mc[38;2;197;198;203m0[38;2;203;204;210mK[38;2;189;188;194mO[38;2;138;138;141mo[38;2;4;4;4m [38;2;68;67;67m'[38;2;208;210;214mK[38;2;202;203;207mK[38;2;205;205;208mK[38;2;207;208;212mK[38;2;106;106;109m:[38;2;118;119;122mc[38;2;200;205;212mK[38;2;196;197;202m0[38;2;199;199;203m0[38;2;202;202;205m0[38;2;88;89;91m;[38;2;7;7;9m [38;2;155;156;156md[38;2;137;140;142mo[38;2;153;153;156md[38;2;41;39;42m.[38;2;23;22;23m [38;2;57;58;60m.[38;2;60;61;63m.[38;2;59;60;61m.[38;2;60;63;64m.[38;2;145;145;147mo[38;2;199;201;204m0[38;2;198;200;202m0[38;2;200;201;203m0[38;2;201;201;203m0[38;2;199;197;201m0[38;2;80;81;82m,[38;2;8;11;9m [38;2;151;153;156md[38;2;204;204;206mK[38;2;203;204;206mK[38;2;53;51;55m.[38;2;4;3;4m [38;2;3;3;3m [38;2;3;2;2m [38;2;3;2;3m [38;2;3;3;2m [38;2;3;3;2m [38;2;8;8;8m [38;2;138;141;145mo[38;2;150;151;156md[38;2;200;202;206m0[38;2;196;197;201m0[38;2;110;110;113mc[38;2;5;3;4m [38;2;4;3;3m [38;2;69;69;70m'[38;2;189;191;194mO[38;2;207;208;211mK[38;2;196;196;198m0[38;2;204;205;207mK[38;2;200;201;202m0[38;2;198;199;202m0[38;2;200;202;205m0[38;2;198;200;202m0[38;2;204;205;206mK[38;2;205;205;205mK[38;2;152;152;153md[38;2;5;4;5m [38;2;3;3;3m [38;2;2;2;2m [38;2;1;1;1m [38;2;2;1;1m [38;2;23;24;26m [38;2;224;225;225mX[38;2;223;224;227mX[38;2;220;220;224mX[38;2;71;74;75m'[38;2;12;12;12m [38;2;3;3;2m [38;2;2;1;1m [38;2;1;1;1m [38;2;1;1;1m [38;2;1;0;1m [38;2;1;0;0m [0m
[0m[38;2;1;1;1m  [38;2;1;1;1m [38;2;1;1;0m [38;2;2;2;1m [38;2;5;5;5m [38;2;75;76;75m,[38;2;80;81;79m,[38;2;5;5;5m [38;2;3;2;2m [38;2;2;1;1m [38;2;1;1;1m      [38;2;1;1;1m [38;2;2;1;1m [38;2;3;3;3m [38;2;79;76;75m,[38;2;103;100;101m:[38;2;104;102;102m:[38;2;23;22;23m [38;2;6;5;5m [38;2;6;5;5m [38;2;55;54;56m.[38;2;90;90;90m;[38;2;78;78;80m,[38;2;44;44;43m.[38;2;5;5;5m [38;2;4;4;3m [38;2;57;57;59m.[38;2;137;135;139mo[38;2;142;143;148mo[38;2;147;149;157md[38;2;147;147;154md[38;2;122;121;126mc[38;2;108;105;104m:[38;2;40;39;40m.[38;2;35;33;34m.[38;2;34;33;33m.[38;2;36;35;35m.[38;2;103;102;106m:[38;2;151;151;156md[38;2;150;152;157md[38;2;147;148;155md[38;2;141;141;148mo[38;2;121;121;129ml[38;2;113;115;124mc[38;2;154;158;165mx[38;2;161;165;174mx[38;2;159;161;170mx[38;2;155;156;163mx[38;2;64;63;64m.[38;2;33;32;33m.[38;2;34;34;33m.[38;2;93;96;98m;[38;2;126;130;136ml[38;2;131;134;142mo[38;2;64;64;69m'[38;2;5;5;5m [38;2;5;4;4m [38;2;48;48;51m.[38;2;147;148;153md[38;2;150;153;159md[38;2;147;147;156md[38;2;137;139;147mo[38;2;54;54;57m.[38;2;65;64;66m'[38;2;155;153;160md[38;2;156;157;164mx[38;2;155;155;162md[38;2;153;153;159md[38;2;149;149;156md[38;2;146;147;154md[38;2;147;148;156md[38;2;149;149;156md[38;2;141;142;149mo[38;2;122;121;126ml[38;2;99;99;99m:[38;2;37;35;37m.[38;2;34;33;33m.[38;2;32;31;31m.[38;2;35;35;35m.[38;2;95;93;97m;[38;2;146;145;150md[38;2;149;149;154md[38;2;151;151;155md[38;2;142;142;147mo[38;2;103;101;109m:[38;2;42;42;42m.[38;2;7;9;8m [38;2;94;92;93m;[38;2;133;132;132ml[38;2;127;126;127ml[38;2;55;55;55m.[38;2;15;14;15m [38;2;4;3;3m [38;2;3;3;2m [38;2;3;3;3m [38;2;3;3;2m [38;2;3;3;3m [38;2;14;14;15m [38;2;132;132;136ml[38;2;145;145;148md[38;2;147;147;151md[38;2;139;139;144mo[38;2;78;78;81m,[38;2;5;4;4m [38;2;16;15;15m [38;2;50;48;49m.[38;2;126;126;129ml[38;2;120;121;124mc[38;2;87;88;90m;[38;2;5;4;6m [38;2;5;4;4m [38;2;7;5;6m [38;2;147;148;150md[38;2;137;138;141mo[38;2;145;145;148md[38;2;143;141;143mo[38;2;101;99;101m:[38;2;4;4;4m [38;2;3;2;2m [38;2;2;1;1m [38;2;1;1;1m [38;2;2;1;1m [38;2;14;14;15m [38;2;129;128;130ml[38;2;136;135;136mo[38;2;129;128;130ml[38;2;8;9;9m [38;2;4;3;3m [38;2;2;2;2m [38;2;1;1;1m [38;2;1;1;1m [38;2;1;1;1m [38;2;1;1;1m [38;2;1;1;1m [0m
[0m[38;2;1;1;1m  [38;2;1;1;1m [38;2;2;1;1m [38;2;3;2;1m [38;2;5;5;5m [38;2;124;124;122ml[38;2;112;115;114mc[38;2;5;5;5m [38;2;2;2;2m [38;2;1;1;1m [38;2;1;1;1m      [38;2;1;1;1m [38;2;2;1;1m [38;2;3;2;2m [38;2;75;73;72m'[38;2;121;119;119mc[38;2;179;178;177mk[38;2;46;45;46m.[38;2;31;30;32m.[38;2;91;91;92m;[38;2;138;138;139mo[38;2;167;167;169mx[38;2;164;162;164mx[38;2;61;61;61m.[38;2;4;4;4m [38;2;3;3;3m [38;2;62;62;61m.[38;2;112;112;112mc[38;2;184;184;186mO[38;2;198;200;203m0[38;2;200;201;204m0[38;2;200;201;204m0[38;2;199;201;203m0[38;2;199;201;203m0[38;2;199;200;204m0[38;2;198;199;203m0[38;2;196;197;203m0[38;2;195;196;202m0[38;2;193;196;201m0[38;2;193;194;198m0[38;2;145;146;150md[38;2;106;108;111m:[38;2;36;36;36m.[38;2;58;57;57m.[38;2;184;186;188mO[38;2;191;193;197m0[38;2;196;199;203m0[38;2;195;199;202m0[38;2;192;195;201m0[38;2;194;197;203m0[38;2;197;199;203m0[38;2;193;197;202m0[38;2;187;190;193mO[38;2;163;165;170mx[38;2;70;71;71m'[38;2;7;6;6m [38;2;78;77;78m,[38;2;108;106;110m:[38;2;197;199;203m0[38;2;196;198;202m0[38;2;197;197;201m0[38;2;193;194;199m0[38;2;187;189;193mO[38;2;186;187;193mO[38;2;192;192;199m0[38;2;194;194;200m0[38;2;193;193;199m0[38;2;193;191;195m0[38;2;129;130;132ml[38;2;103;104;105m:[38;2;192;193;197m0[38;2;199;201;205m0[38;2;200;203;206m0[38;2;202;203;206mK[38;2;202;204;207mK[38;2;203;205;208mK[38;2;202;202;206m0[38;2;201;202;206m0[38;2;201;202;207m0[38;2;200;200;206m0[38;2;198;199;203m0[38;2;196;197;200m0[38;2;159;159;161mx[38;2;97;97;96m;[38;2;8;7;7m [38;2;5;4;4m [38;2;6;5;4m [38;2;143;141;141mo[38;2;191;191;191mO[38;2;194;195;195m0[38;2;192;192;192m0[38;2;162;160;163mx[38;2;88;87;87m;[38;2;21;20;20m [38;2;5;4;4m [38;2;4;3;4m [38;2;42;42;43m.[38;2;102;102;103m:[38;2;190;191;192mO[38;2;190;191;193m0[38;2;188;187;188mO[38;2;126;126;128ml[38;2;61;61;61m.[38;2;5;4;4m [38;2;131;132;133ml[38;2;168;168;169mk[38;2;142;146;147md[38;2;172;174;178mk[38;2;137;138;141mo[38;2;4;3;4m [38;2;4;3;3m [38;2;4;3;3m [38;2;85;85;84m,[38;2;130;131;132ml[38;2;189;190;192mO[38;2;189;189;190mO[38;2;134;133;134mo[38;2;3;3;3m [38;2;2;2;2m [38;2;1;1;1m [38;2;1;1;1m [38;2;2;1;1m [38;2;24;24;25m [38;2;183;183;183mO[38;2;193;193;194m0[38;2;184;183;183mO[38;2;69;68;68m'[38;2;12;12;11m [38;2;2;2;2m [38;2;1;1;1m [38;2;1;1;1m [38;2;1;1;1m [38;2;1;1;1m [38;2;1;1;1m [0m
[0m[38;2;1;1;1m  [38;2;1;1;1m [38;2;1;1;0m [38;2;2;2;1m [38;2;5;5;5m [38;2;102;103;100m:[38;2;91;93;90m;[38;2;5;5;5m [38;2;3;2;2m [38;2;2;1;1m [38;2;1;1;1m [38;2;1;1;1m [38;2;1;1;1m    [38;2;1;1;1m [38;2;2;1;1m [38;2;2;2;1m [38;2;3;3;2m [38;2;54;53;54m.[38;2;150;150;151md[38;2;121;119;119mc[38;2;118;118;119mc[38;2;153;149;149md[38;2;110;108;109m:[38;2;55;53;53m.[38;2;48;47;47m.[38;2;17;16;17m [38;2;2;2;2m [38;2;2;2;1m [38;2;3;2;2m [38;2;3;3;3m [38;2;38;38;39m.[38;2;48;48;49m.[38;2;55;56;58m.[38;2;133;133;138mo[38;2;148;151;154md[38;2;145;148;153md[38;2;145;147;152md[38;2;146;149;152md[38;2;146;149;150md[38;2;138;140;141mo[38;2;125;126;127ml[38;2;55;56;58m.[38;2;21;20;21m [38;2;4;4;4m [38;2;4;4;4m [38;2;15;14;14m [38;2;50;51;52m.[38;2;134;136;138mo[38;2;152;155;160md[38;2;153;157;162mx[38;2;154;157;163mx[38;2;156;159;163mx[38;2;159;161;164mx[38;2;158;160;163mx[38;2;156;158;161mx[38;2;55;56;57m.[38;2;18;18;18m [38;2;12;12;12m [38;2;130;129;129ml[38;2;131;133;136ml[38;2;150;152;156md[38;2;155;157;161mx[38;2;158;160;163mx[38;2;159;161;164mx[38;2;159;161;163mx[38;2;160;162;163mx[38;2;160;161;162mx[38;2;161;162;163mx[38;2;155;155;157md[38;2;57;58;59m.[38;2;19;18;19m [38;2;9;8;8m [38;2;51;51;52m.[38;2;52;52;53m.[38;2;54;55;56m.[38;2;133;134;136mo[38;2;149;152;154md[38;2;149;152;154md[38;2;148;151;154md[38;2;148;151;152md[38;2;149;152;152md[38;2;147;150;151md[38;2;126;129;130ml[38;2;58;58;60m.[38;2;20;19;20m [38;2;3;3;2m [38;2;3;2;2m [38;2;2;2;2m [38;2;3;3;3m [38;2;35;35;35m.[38;2;90;90;91m;[38;2;161;163;166mx[38;2;162;163;166mx[38;2;162;164;168mx[38;2;156;159;162mx[38;2;119;121;122mc[38;2;112;114;116mc[38;2;112;113;114mc[38;2;140;141;142mo[38;2;167;168;169mx[38;2;173;173;174mk[38;2;167;168;169mx[38;2;153;155;155md[38;2;33;32;32m.[38;2;4;3;3m [38;2;3;3;3m [38;2;123;123;124ml[38;2;151;152;153md[38;2;139;142;145mo[38;2;146;146;148md[38;2;101;102;105m:[38;2;4;3;3m [38;2;4;4;3m [38;2;12;10;10m [38;2;94;95;96m;[38;2;137;137;140mo[38;2;170;170;172mk[38;2;167;166;167mx[38;2;117;115;117mc[38;2;4;3;4m [38;2;3;2;2m [38;2;2;1;2m [38;2;1;1;1m [38;2;2;1;1m [38;2;14;15;15m [38;2;155;153;152md[38;2;161;161;160mx[38;2;144;144;142mo[38;2;5;4;5m [38;2;3;2;2m [38;2;2;1;1m [38;2;1;1;1m [38;2;1;1;1m [38;2;0;0;1m [38;2;0;0;1m [38;2;1;1;1m [0m
[0m[38;2;1;1;1m  [38;2;1;1;1m [38;2;1;1;0m [38;2;2;2;1m [38;2;5;4;4m [38;2;95;95;92m;[38;2;76;78;75m,[38;2;6;5;5m [38;2;3;2;2m [38;2;2;1;1m [38;2;1;1;1m [38;2;1;1;1m [38;2;1;1;1m [38;2;1;1;1m    [38;2;1;1;1m [38;2;2;1;1m [38;2;2;2;2m [38;2;27;25;25m [38;2;106;105;106m:[38;2;130;127;129ml[38;2;134;132;135ml[38;2;124;121;124ml[38;2;55;52;52m.[38;2;5;4;4m [38;2;3;2;2m [38;2;2;2;1m [38;2;1;1;1m [38;2;1;1;1m [38;2;1;1;1m [38;2;1;1;1m [38;2;2;1;1m [38;2;2;2;2m [38;2;2;2;2m [38;2;3;2;2m [38;2;3;2;3m [38;2;2;2;2m [38;2;2;2;2m [38;2;2;2;2m [38;2;2;2;2m [38;2;2;2;2m [38;2;2;1;1m [38;2;2;2;1m [38;2;2;1;1m [38;2;2;1;1m [38;2;1;1;1m [38;2;1;1;1m [38;2;2;1;1m [38;2;3;2;2m [38;2;2;2;3m [38;2;2;2;2m [38;2;2;2;2m [38;2;2;2;2m [38;2;2;2;2m [38;2;2;2;3m [38;2;2;1;1m [38;2;2;2;2m [38;2;2;2;2m [38;2;3;2;2m [38;2;3;2;2m [38;2;3;2;3m [38;2;3;2;3m [38;2;2;2;3m [38;2;2;2;2m [38;2;2;1;2m [38;2;2;2;2m [38;2;2;1;2m [38;2;2;1;2m [38;2;2;2;2m [38;2;2;1;1m [38;2;1;1;1m [38;2;2;1;1m [38;2;2;2;1m [38;2;2;1;1m [38;2;2;1;1m [38;2;2;1;1m [38;2;2;2;2m [38;2;3;2;3m [38;2;2;2;2m [38;2;2;2;2m [38;2;2;2;2m [38;2;2;1;2m [38;2;2;2;1m [38;2;1;1;1m [38;2;2;1;1m [38;2;1;1;1m [38;2;1;1;1m [38;2;1;1;1m [38;2;1;1;1m [38;2;2;1;1m [38;2;2;1;1m [38;2;3;2;1m [38;2;5;5;5m [38;2;86;88;90m;[38;2;107;110;114m:[38;2;107;110;116m:[38;2;107;109;115m:[38;2;105;109;114m:[38;2;106;108;113m:[38;2;105;107;111m:[38;2;99;102;105m:[38;2;91;93;94m;[38;2;9;9;10m [38;2;4;3;3m [38;2;3;2;2m [38;2;2;2;1m [38;2;2;2;2m [38;2;110;110;112m:[38;2;134;136;138mo[38;2;134;135;139mo[38;2;23;23;26m [38;2;4;3;4m [38;2;3;3;2m [38;2;3;2;2m [38;2;5;5;5m [38;2;105;105;108m:[38;2;132;133;137ml[38;2;148;149;154md[38;2;144;144;149mo[38;2;94;92;96m;[38;2;4;3;4m [38;2;3;2;2m [38;2;2;1;1m [38;2;1;1;1m [38;2;1;1;1m [38;2;8;7;9m [38;2;106;106;108m:[38;2;107;108;109m:[38;2;94;97;96m;[38;2;3;3;3m [38;2;2;2;2m [38;2;1;1;1m [38;2;1;1;1m [38;2;0;0;1m [38;2;0;0;0m [38;2;0;0;0m [38;2;0;0;0m [0m
[0m[38;2;1;1;1m [38;2;1;1;1m [38;2;1;1;1m [38;2;1;1;1m [38;2;2;2;1m [38;2;5;4;5m [38;2;122;124;119ml[38;2;97;101;101m:[38;2;4;4;3m [38;2;2;2;1m [38;2;1;1;1m [38;2;1;1;1m [38;2;0;0;0m [38;2;1;0;0m [38;2;1;1;1m [38;2;1;1;1m [38;2;1;1;1m [38;2;1;1;1m [38;2;1;1;1m [38;2;1;1;1m [38;2;2;1;1m [38;2;3;2;2m [38;2;6;6;5m [38;2;99;99;98m:[38;2;111;113;114mc[38;2;74;74;73m'[38;2;20;19;19m [38;2;3;2;2m [38;2;2;1;1m [38;2;1;1;1m [38;2;1;1;1m [38;2;1;1;1m [38;2;1;1;1m   [38;2;1;1;1m [38;2;1;1;1m [38;2;1;1;1m [38;2;1;1;1m  [38;2;1;1;1m [38;2;1;1;1m [38;2;1;1;1m [38;2;1;1;1m [38;2;1;1;1m [38;2;1;1;1m     [38;2;1;1;1m [38;2;1;1;1m [38;2;1;1;1m [38;2;1;1;1m [38;2;1;1;1m [38;2;1;1;1m [38;2;1;1;1m [38;2;1;1;1m [38;2;1;1;1m [38;2;1;1;1m [38;2;1;1;1m [38;2;1;1;1m [38;2;1;1;1m [38;2;1;1;1m [38;2;1;1;1m [38;2;1;1;1m [38;2;1;1;1m [38;2;1;1;1m [38;2;1;1;1m [38;2;1;1;1m [38;2;1;1;1m [38;2;1;1;1m [38;2;1;1;1m [38;2;1;1;1m [38;2;1;1;1m [38;2;1;1;1m [38;2;1;1;1m [38;2;1;1;1m [38;2;1;1;1m [38;2;1;1;1m [38;2;1;1;1m [38;2;1;1;1m [38;2;1;1;1m [38;2;1;1;1m [38;2;1;1;1m [38;2;1;1;1m [38;2;1;1;1m [38;2;1;1;1m [38;2;1;1;1m [38;2;1;1;1m [38;2;1;1;1m [38;2;1;1;1m [38;2;1;1;1m [38;2;1;1;1m [38;2;2;1;1m [38;2;2;2;1m [38;2;2;2;2m [38;2;2;2;2m [38;2;2;2;2m [38;2;2;2;2m [38;2;2;2;2m [38;2;2;2;2m [38;2;2;2;2m [38;2;2;2;2m [38;2;2;2;2m [38;2;1;1;1m [38;2;1;1;1m [38;2;1;1;1m [38;2;1;1;1m [38;2;2;1;2m [38;2;68;69;69m'[38;2;75;76;76m,[38;2;78;80;80m,[38;2;3;3;3m [38;2;2;2;1m [38;2;1;1;1m [38;2;1;1;1m [38;2;1;1;1m [38;2;3;3;3m [38;2;55;56;56m.[38;2;92;92;93m;[38;2;89;89;90m;[38;2;57;56;57m.[38;2;2;2;2m [38;2;2;1;1m [38;2;1;1;1m [38;2;1;1;1m [38;2;1;1;1m [38;2;2;2;2m [38;2;3;3;3m [38;2;2;2;2m [38;2;2;2;2m [38;2;1;1;1m [38;2;1;1;1m [38;2;0;0;0m [38;2;0;0;0m [38;2;0;0;0m [38;2;0;0;0m   [0m
[0m[38;2;0;0;1m [38;2;1;1;1m [38;2;1;1;1m [38;2;1;1;1m [38;2;1;1;1m [38;2;3;2;2m [38;2;31;32;31m.[38;2;28;29;27m [38;2;2;2;1m [38;2;1;1;1m [38;2;1;1;1m [38;2;0;0;0m [38;2;0;0;0m  [38;2;0;0;0m [38;2;1;0;0m [38;2;1;0;1m [38;2;1;0;0m [38;2;1;0;0m [38;2;1;1;0m [38;2;1;1;1m [38;2;2;1;1m [38;2;3;2;2m [38;2;25;25;24m [38;2;30;31;29m.[38;2;4;3;3m [38;2;2;2;2m [38;2;1;1;1m [38;2;1;1;1m [38;2;1;0;1m [38;2;0;0;0m [38;2;0;0;0m [38;2;0;0;0m [38;2;1;1;1m [38;2;1;1;1m  [38;2;1;1;1m [38;2;1;1;1m   [38;2;1;1;1m [38;2;1;1;1m [38;2;1;1;1m [38;2;1;1;1m [38;2;1;1;1m [38;2;1;1;1m [38;2;1;1;1m [38;2;1;1;1m [38;2;1;1;1m [38;2;1;1;1m [38;2;1;1;1m [38;2;1;1;1m [38;2;1;1;1m [38;2;1;1;1m [38;2;1;1;1m [38;2;1;1;1m  [38;2;1;1;1m [38;2;1;1;1m [38;2;1;1;1m [38;2;1;1;1m [38;2;1;1;1m [38;2;1;1;1m [38;2;1;1;1m [38;2;1;1;1m [38;2;1;1;1m [38;2;1;1;1m [38;2;1;1;1m [38;2;1;1;1m [38;2;1;1;1m [38;2;1;1;1m [38;2;1;1;1m [38;2;1;1;1m [38;2;1;1;1m [38;2;1;1;0m [38;2;1;1;0m [38;2;1;1;1m [38;2;1;1;1m [38;2;1;1;1m [38;2;1;1;1m [38;2;1;1;1m [38;2;1;1;1m [38;2;1;1;1m [38;2;1;1;1m [38;2;1;1;1m [38;2;1;1;1m [38;2;1;1;1m [38;2;1;1;0m [38;2;1;0;0m [38;2;1;0;0m [38;2;1;0;0m [38;2;1;0;0m [38;2;1;1;1m [38;2;1;1;1m   [38;2;1;1;1m [38;2;1;1;1m [38;2;1;1;1m [38;2;1;1;1m [38;2;1;1;1m [38;2;1;1;1m   [38;2;1;1;1m [38;2;1;1;1m [38;2;1;1;1m [38;2;1;1;1m [38;2;1;1;1m [38;2;1;1;1m [38;2;1;1;1m [38;2;1;1;1m [38;2;1;1;1m [38;2;1;1;1m [38;2;1;1;1m [38;2;1;1;1m [38;2;1;1;1m [38;2;1;1;1m [38;2;1;1;1m [38;2;1;1;1m [38;2;2;1;1m [38;2;1;1;1m [38;2;1;1;1m [38;2;1;1;1m [38;2;1;1;1m [38;2;1;1;1m [38;2;0;0;0m [38;2;0;0;0m [38;2;0;0;0m [38;2;0;1;1m [38;2;0;1;0m [38;2;0;1;0m [38;2;0;0;0m [38;2;0;0;0m [38;2;0;0;0m [38;2;0;0;0m     [0m
[0m[38;2;0;0;0m [38;2;0;0;0m [38;2;1;0;1m [38;2;1;1;1m [38;2;1;1;1m [38;2;1;1;1m [38;2;1;1;1m [38;2;0;1;1m [38;2;0;1;0m [38;2;0;0;0m [38;2;0;0;0m [38;2;0;0;0m    [38;2;0;0;0m [38;2;0;0;0m [38;2;0;0;0m [38;2;1;0;0m [38;2;1;0;0m [38;2;1;0;0m [38;2;1;1;0m [38;2;1;1;1m [38;2;1;1;1m [38;2;1;1;1m [38;2;1;1;0m [38;2;0;0;0m [38;2;0;0;0m [38;2;0;0;0m [38;2;0;0;0m [38;2;0;0;0m [38;2;0;0;0m [38;2;0;0;0m [38;2;1;0;0m [38;2;1;0;0m [38;2;1;0;0m [38;2;1;0;0m [38;2;1;0;0m [38;2;1;0;1m [38;2;1;0;0m [38;2;1;0;0m [38;2;1;0;0m [38;2;0;0;0m [38;2;1;0;0m [38;2;0;0;0m [38;2;0;0;0m [38;2;1;0;0m [38;2;1;0;0m [38;2;1;0;0m [38;2;1;0;0m [38;2;1;0;0m [38;2;0;0;0m [38;2;0;0;0m [38;2;1;0;0m [38;2;0;0;0m [38;2;0;0;0m [38;2;0;0;0m [38;2;0;0;0m [38;2;0;0;0m [38;2;0;0;0m [38;2;0;0;0m [38;2;0;0;0m [38;2;0;0;0m [38;2;0;0;0m [38;2;0;0;0m [38;2;0;0;0m [38;2;0;0;0m [38;2;0;0;0m [38;2;0;0;0m [38;2;0;0;0m [38;2;0;0;0m [38;2;0;0;0m [38;2;0;0;0m [38;2;0;0;0m [38;2;0;0;0m [38;2;0;0;0m [38;2;0;0;0m [38;2;0;0;0m [38;2;0;0;0m [38;2;0;0;0m [38;2;0;0;0m [38;2;0;0;0m [38;2;0;0;0m [38;2;0;0;0m [38;2;0;0;0m [38;2;0;0;0m [38;2;0;0;0m  [38;2;0;0;0m [38;2;0;0;0m [38;2;0;0;0m [38;2;0;0;0m [38;2;0;0;0m [38;2;0;0;0m [38;2;0;0;0m [38;2;0;0;0m [38;2;0;0;0m [38;2;0;0;0m [38;2;0;0;0m [38;2;0;0;0m [38;2;0;0;0m [38;2;0;0;0m [38;2;0;0;0m [38;2;0;0;0m [38;2;0;0;0m  [38;2;0;0;0m [38;2;0;0;0m [38;2;0;0;0m [38;2;0;0;0m [38;2;0;0;0m [38;2;0;0;0m [38;2;0;0;0m [38;2;0;0;0m [38;2;0;0;0m [38;2;0;0;0m [38;2;0;0;0m [38;2;0;0;0m [38;2;0;0;0m [38;2;0;0;0m [38;2;0;0;0m [38;2;0;0;0m [38;2;0;0;0m [38;2;0;0;0m [38;2;0;0;0m [38;2;0;0;0m   [38;2;0;0;0m [38;2;0;0;0m  [38;2;0;0;0m [38;2;0;0;0m        [0m
[0m[38;2;0;0;0m [38;2;0;0;0m [38;2;0;0;0m [38;2;1;0;0m [38;2;1;0;0m [38;2;0;0;0m [38;2;0;0;0m [38;2;0;0;0m [38;2;0;0;0m            [38;2;0;0;0m [38;2;0;0;0m [38;2;0;0;0m [38;2;0;0;0m [38;2;0;0;0m [38;2;0;0;0m                  [38;2;0;0;0m [38;2;0;0;0m  [38;2;0;0;0m [38;2;0;0;0m [38;2;0;0;0m   [38;2;0;0;0m                                                 [38;2;0;0;0m [38;2;0;0;0m [38;2;0;0;0m [38;2;0;0;0m                                     [0m
[0m[38;2;0;0;0m   [38;2;0;0;0m [38;2;0;0;0m                                                                                                                                        [0m
